[config]
auction_max 	=  	 4

[items]
28287	200	7200	名器帖・玄光飞魅
28288	300	7200	名器帖・海刃冰皇
28289	500	7200	名器帖・九冥朔影
28290	1000	7200	名器帖・金雾枭将
32260	1000	7200	名器帖・龙渊承影
30550	1000	7200	名器帖・烈红水玉
28569	100	7200	云海金鱼兑换券
28571	100	7200	猛犸巨象兑换券
28573	100	7200	爱之永恒男礼盒
28574	100	7200	爱之永恒女礼盒
28541	100	7200	仙笈：真・拳术精通兑换券
28542	100	7200	魔笈：狂・拳术精通兑换券
31552	100	7200	仙笈：真・连射兑换券
31553	100	7200	魔笈：狂・连射兑换券
31554	100	7200	仙笈：真・飞花遁影兑换券
31555	100	7200	魔笈：狂・飞花遁影兑换券
31558	100	7200	仙笈：真・兽王之怒兑换券
31559	100	7200	魔笈：狂・兽王之怒兑换券
31560	100	7200	仙笈：真・磐石护甲兑换券
31561	100	7200	魔笈：狂・磐石护甲兑换券
31562	100	7200	魔笈：狂・强行遁隐兑换券
31563	100	7200	仙笈：真・强行遁隐兑换券
31565	100	7200	仙笈：真・复仇之魂：镜像兑换券
31566	100	7200	魔笈：狂・复仇之魂：镜像兑换券
31569	100	7200	魔笈：狂・重生术兑换券
31570	100	7200	仙笈：真・重生术兑换券
31571	100	7200	魅灵仙笈：真・木精通兑换券
31572	100	7200	魅灵魔笈：狂・木精通兑换券
31573	100	7200	剑灵仙笈：真・刀剑精通兑换券
31574	100	7200	剑灵魔笈：狂・刀剑精通兑换券
31575	100	7200	魔笈：狂・八方剑影兑换券
31576	100	7200	仙笈：真・八方剑影兑换券
31577	100	7200	魔笈：狂・剑神无敌兑换券
31578	100	7200	仙笈：真・剑神无敌兑换券
28539	100	7200	仙笈：真・斧锤精通兑换券      
28540	100	7200	魔笈：狂・斧锤精通兑换券 
32400	100	7200	仙笈：真・碧波护体兑换券    
32401	100	7200	魔笈：狂・碧波护体兑换券    
32404	100	7200	仙笈：真・灵助符兑换券      
32405	100	7200	魔笈：狂・灵助符兑换券 
35210	100	7200	魔笈：狂・金钟罩兑换券
35211	100	7200	仙笈：真・金钟罩兑换券
35213	100	7200	魔笈：狂・狂雷天威兑换券
35214	100	7200	仙笈：真・狂雷天威兑换券
35215	100	7200	魔笈：狂・仙守符兑换券
35216	100	7200	仙笈：真・仙守符兑换券
35217	100	7200	魔笈：狂・迅法术兑换券
35218	100	7200	仙笈：真・迅法术兑换券
35219	100	7200	魔笈：狂・满地枝兑换券
35220	100	7200	仙笈：真・满地枝兑换券
35221	100	7200	魔笈：狂・冷凝术兑换券
35222	100	7200	仙笈：真・冷凝术兑换券
35223	100	7200	魔笈：狂・巨灵神力兑换券
35224	100	7200	仙笈：真・巨灵神力兑换券
37308	100	7200	仙笈：真玄武・破风剑灵兑换券
37309	100	7200	魔笈：狂玄武・破风剑灵兑换券
37310	100	7200	仙笈：真饮血・虚空剑灵兑换券
37311	100	7200	魔笈：狂饮血・虚空剑灵兑换券
37312	100	7200	仙笈：真磐龙・万象剑灵兑换券
37313	100	7200	魔笈：狂磐龙・万象剑灵兑换券
28566	100	7200	金毛狮王兑换券
28567	100	7200	九尾狐兑换券
28556	100	7200	真木精通之券
28557	100	7200	狂木精通之券

